# Created by Octave 3.8.2, Fri Apr 10 23:46:58 2015 India Standard Time <unknown@Adroit2-PC>
# name: data
# type: matrix
# rows: 100
# columns: 1
 0
 1
 1
 1
 1
 1
 0
 1
 1
 1
 1
 0
 0
 1
 1
 0
 0
 1
 0
 1
 0
 0
 1
 1
 1
 0
 1
 1
 1
 0
 0
 1
 0
 1
 1
 0
 1
 1
 0
 0
 0
 1
 0
 0
 0
 0
 0
 1
 0
 0
 0
 1
 1
 1
 0
 1
 0
 1
 0
 0
 1
 0
 1
 1
 1
 0
 1
 0
 0
 0
 0
 1
 1
 1
 0
 0
 1
 0
 0
 1
 1
 1
 1
 0
 1
 1
 0
 1
 1
 1
 1
 0
 0
 1
 0
 0
 1
 1
 1
 1


