# Created by Octave 3.8.2, Fri Apr 10 20:25:47 2015 India Standard Time <unknown@Adroit2-PC>
# name: y
# type: matrix
# rows: 100
# columns: 1
 37.5997072060017
 35.13172829361095
 30.76157803406839
 32.98779166571921
 7.052435014476022
 2.86335533923283
 56.30442222314962
 43.08845324792662
 43.18946926014972
 6.536983047487743
 48.55484504096704
 20.41756175825389
 5.794027388224023
 18.71045326990949
 52.69930168739491
 40.06121017769669
 29.95949802972486
 17.13802576482084
 27.97605423201367
 39.36581473189356
 16.16207318894908
 40.4719808035611
 34.69079675923261
 30.81457409383524
 22.81057373117737
 23.84042702079439
 42.84070620228223
 22.62193565150598
 38.54977230518604
 39.62341009444481
 1.599824447673951
 33.17796490176169
 26.31311879297985
 45.37424167251631
 39.41776483024646
 29.50317318998979
 3.494232901527782
 9.060552761846067
 51.832402663171
 10.21597870175117
 9.979363601513681
 6.945640706234165
 47.99134765230639
 13.93281632764133
 10.27923285324514
 26.14637852787689
 46.18496845657786
 5.37067237882078
 23.72530093752333
 3.972679896089745
 47.75474574306075
 57.16443515863143
 57.0226891462038
 7.241833120906265
 57.69629499545373
 48.51101313198298
 27.98573079485943
 53.41095224019283
 41.88775952732637
 22.43575686783134
 30.69426496732433
 12.24408143276023
 23.23973975607694
 10.51434579822796
 28.83425508024269
 38.30936252070285
 7.229505837145931
 16.49669336330339
 23.62699853130113
 54.0820465100041
 43.66679709777986
 40.94357727043195
 12.67166502739937
 11.29030771780949
 45.91473002655357
 45.77405851749895
 24.5669548932988
 38.13276258138985
 8.305695554443798
 9.477010633484351
 17.03117002920266
 29.47906831902265
 4.872848152881764
 12.19069352251438
 29.25926248858183
 17.0293416877185
 23.64901462267271
 11.42003935751953
 42.90320805271848
 33.43233612208368
 2.982449289286182
 55.88726244239959
 48.27157834278619
 5.302076832744472
 41.81930962416047
 11.92747492096757
 13.35625273111126
 44.72374688670965
 52.61811331489285
 54.88486467213519


